Anseong,0,0,0,0,0,0,1,3,1,0,0
Ansan,2,1,0,0,0,0,0,8,0,1,0
Andong,1,1,1,1,1,1,2,1,1,0,6
Anseong,4,1,0,0,1,0,3,2,1,1,8
Anyang,0,1,0,1,1,1,0,9,1,0,1
Asan,3,1,0,1,1,0,2,5,1,0,1
Boryeong,0,1,1,0,1,0,2,6,1,1,3
Buan,4,0,1,0,0,1,1,2,1,0,1
Bucheon,2,1,0,0,1,0,3,2,1,1,6
Busan,0,0,1,0,0,1,3,6,1,0,5
Buyeo,3,0,1,1,1,0,2,2,0,0,3
Beolgyo,2,0,1,0,0,0,0,2,1,1,1
Boseong,4,1,0,0,1,0,1,9,0,0,5
Boeun,3,0,0,0,1,0,4,7,0,0,7
Bupyong,1,1,1,1,1,1,1,9,0,1,9
Changnyeong,1,0,0,1,0,1,1,1,1,0,8
Changwon,3,1,0,0,0,1,4,5,0,1,9
Cheonan,4,1,1,0,0,0,0,1,0,0,4
Cheongju,2,0,1,0,1,0,4,9,1,1,2
Chuncheon,3,1,0,0,0,0,1,5,1,0,8
Chungju,1,0,1,0,0,0,4,2,0,1,3
Daegu,0,0,1,1,0,1,0,1,1,1,6
Daejeon,0,1,0,0,0,0,1,9,0,0,5
Donghae,1,0,0,1,0,1,0,8,1,1,5
Eumseong,4,1,1,0,1,1,2,5,0,0,1
Eunpyeong,3,1,0,1,0,0,2,9,0,1,5
Einyang,3,0,1,0,1,1,0,6,0,1,3
Eodeung,2,0,1,0,0,0,0,7,0,0,1
Gangneung,2,1,1,0,0,1,0,2,0,1,3
Geoje,1,1,1,0,1,1,2,1,1,0,0
Gimcheon,3,0,0,1,1,1,4,5,1,1,1
Gimhae,1,0,0,0,0,1,2,9,0,0,8
Gimje,3,1,0,0,1,0,4,1,0,0,4
Gimpo,2,1,0,1,0,1,3,1,1,0,7
Gongju,3,0,0,1,0,0,1,1,0,1,4
Goyang,3,1,1,0,0,1,1,3,0,1,5
Gumi,2,0,1,1,1,0,3,5,0,0,7
Gunpo,1,0,0,0,1,0,4,8,1,0,8
Gunsan,4,0,0,0,0,1,0,5,0,1,7
Guri,2,1,1,1,0,0,4,4,0,1,8
Gwacheon,0,1,1,1,1,0,0,6,1,0,2
Gwangju,4,1,1,1,1,1,2,6,1,0,2
Gwangmyeong,3,0,0,0,0,0,0,9,1,0,6
Gwangyang,2,1,1,0,0,0,4,5,0,1,7
Gyeongju,0,0,1,0,1,1,2,8,1,1,1
Gyeongsan,0,1,1,1,1,0,0,3,0,0,7
Hadong,3,0,0,0,1,0,3,7,0,0,1
Haeju,3,0,1,0,1,1,2,4,1,0,8
Hwaseong,1,1,0,0,0,1,3,3,1,1,3
Icheon,1,1,1,0,0,0,0,4,1,1,1
Iksan,3,0,1,1,0,1,0,4,1,1,1
Incheon,1,1,0,0,1,0,3,6,0,0,9
Jecheon,4,0,0,1,1,0,2,3,0,1,4
Jeju,0,1,0,1,1,1,2,5,1,0,0
Jeonju,1,0,0,0,1,0,0,7,1,1,8
Jinju,3,0,0,0,0,0,3,7,0,0,9
Miryang,2,1,0,0,0,0,4,8,1,0,3
Mokpo,4,0,0,1,0,0,1,1,0,0,1
Mungyeong,1,0,0,1,0,0,2,7,0,1,2
Naju,2,0,1,1,0,0,3,8,0,0,0
Namwon,0,0,1,0,0,0,2,9,1,0,4
Namyangju,0,0,0,1,0,1,0,3,0,0,3
Nonsan,4,0,1,0,1,0,2,4,1,1,4
Okcheon,0,0,0,1,1,1,2,9,1,0,6
Oksu,1,0,1,1,0,1,0,5,1,0,5
Oseong,3,1,1,1,1,0,0,3,1,1,9
Osong,0,1,1,0,0,0,2,8,1,0,8
Osan,4,1,1,0,1,0,0,1,0,0,2
Paju,4,0,1,0,0,0,1,7,1,0,1
Pocheon,2,1,1,1,0,1,2,2,0,1,0
Pohang,1,1,1,1,0,1,3,3,0,1,6
Pyeongtaek,3,0,0,0,1,0,2,2,1,1,9
Sacheon,4,1,0,0,0,1,1,6,1,1,1
Samcheok,3,1,0,0,0,0,2,4,0,1,4
Sangju,4,1,1,1,0,0,1,5,1,1,8
Sejong,3,0,1,0,1,1,4,9,0,1,3
Seogwipo,2,0,1,1,0,0,2,8,0,0,2
Seongnam,2,1,1,1,0,1,2,1,0,0,8
Seosan,2,0,0,0,0,1,1,9,1,1,7
Seoul,4,1,1,1,0,0,3,3,0,0,7
Siheung,0,0,1,1,0,1,3,1,0,1,8
Sokcho,3,0,1,1,0,1,3,8,1,0,1
Suncheon,0,1,0,0,1,0,1,3,1,0,6
Suwon,0,1,1,0,0,0,0,1,1,0,1
Taean,3,0,0,0,1,0,1,2,0,0,1
Taebaek,3,0,0,1,1,0,0,2,1,0,2
Tongyeong,1,1,1,1,1,1,3,7,0,1,2
Uijeongbu,3,0,0,1,0,0,2,5,1,1,2
Uiwang,1,0,0,1,0,1,2,3,1,1,1
Ulsan,3,0,1,1,1,0,3,3,0,1,6
Wonju,1,0,1,0,0,1,0,8,1,1,9
Yangju,0,0,0,1,1,0,3,2,0,0,1
Yangsan,1,0,0,0,0,1,4,9,0,0,2
Yecheon,1,0,1,1,1,1,3,6,1,1,6
Yeongcheon,2,1,1,1,0,1,0,3,0,1,6
Yeongju,0,0,0,0,0,1,2,8,0,1,1
Yeosu,0,1,0,0,0,0,1,7,0,0,4
Yeoju,0,1,1,1,0,0,4,7,0,1,2
Yongin,4,1,0,0,1,1,3,8,0,0,5
Yongsan,0,0,1,0,1,0,1,2,1,1,7

